0.492396 	 1
0.503838 	 0
0.515280 	 0
0.526722 	 0
0.538164 	 0
0.549607 	 0
0.561049 	 1
0.572491 	 2
0.583933 	 1
0.595376 	 4
0.606818 	 6
0.618260 	 4
0.629702 	 5
0.641144 	 8
0.652587 	 13
0.664029 	 4
0.675471 	 12
0.686913 	 15
0.698355 	 10
0.709798 	 16
0.721240 	 14
0.732682 	 19
0.744124 	 14
0.755567 	 22
0.767009 	 22
0.778451 	 23
0.789893 	 30
0.801335 	 29
0.812778 	 22
0.824220 	 26
0.835662 	 23
0.847104 	 24
0.858546 	 13
0.869989 	 20
0.881431 	 17
0.892873 	 10
0.904315 	 8
0.915758 	 13
0.927200 	 8
0.938642 	 9
0.950084 	 5
0.961526 	 9
0.972969 	 2
0.984411 	 4
0.995853 	 3
1.007295 	 2
1.018737 	 1
1.030180 	 3
1.041622 	 0
1.053064 	 1
