0.635969 	 62
1.887692 	 54
3.139415 	 51
4.391138 	 56
5.642860 	 27
6.894583 	 29
8.146306 	 41
9.398029 	 23
10.649752 	 21
11.901474 	 21
13.153197 	 17
14.404920 	 15
15.656643 	 18
16.908366 	 11
18.160089 	 16
19.411811 	 9
20.663534 	 6
21.915257 	 11
23.166980 	 9
24.418703 	 4
25.670425 	 5
26.922148 	 4
28.173871 	 4
29.425594 	 3
30.677317 	 5
31.929040 	 2
33.180762 	 1
34.432485 	 1
35.684208 	 0
36.935931 	 2
38.187654 	 3
39.439376 	 1
40.691099 	 2
41.942822 	 1
43.194545 	 1
44.446268 	 1
45.697991 	 1
46.949713 	 1
48.201436 	 0
49.453159 	 0
50.704882 	 0
51.956605 	 0
53.208327 	 1
54.460050 	 0
55.711773 	 0
56.963496 	 1
58.215219 	 0
59.466942 	 0
60.718664 	 0
61.970387 	 1
