0.106409 	 2
0.120056 	 1
0.133704 	 2
0.147352 	 1
0.161000 	 3
0.174648 	 2
0.188295 	 4
0.201943 	 6
0.215591 	 8
0.229239 	 7
0.242887 	 10
0.256534 	 9
0.270182 	 13
0.283830 	 11
0.297478 	 16
0.311125 	 21
0.324773 	 17
0.338421 	 16
0.352069 	 22
0.365717 	 27
0.379364 	 16
0.393012 	 34
0.406660 	 27
0.420308 	 22
0.433956 	 13
0.447603 	 31
0.461251 	 29
0.474899 	 19
0.488547 	 18
0.502194 	 10
0.515842 	 7
0.529490 	 9
0.543138 	 5
0.556786 	 6
0.570433 	 4
0.584081 	 1
0.597729 	 4
0.611377 	 3
0.625025 	 0
0.638672 	 0
0.652320 	 1
0.665968 	 1
0.679616 	 0
0.693264 	 0
0.706911 	 2
0.720559 	 0
0.734207 	 0
0.747855 	 0
0.761502 	 0
0.775150 	 1
