0.112053 	 2
0.123505 	 0
0.134957 	 0
0.146409 	 0
0.157860 	 1
0.169312 	 1
0.180764 	 1
0.192216 	 3
0.203668 	 2
0.215120 	 3
0.226571 	 3
0.238023 	 4
0.249475 	 8
0.260927 	 7
0.272379 	 8
0.283831 	 13
0.295282 	 13
0.306734 	 20
0.318186 	 21
0.329638 	 18
0.341090 	 25
0.352542 	 19
0.363993 	 18
0.375445 	 17
0.386897 	 30
0.398349 	 24
0.409801 	 15
0.421253 	 23
0.432704 	 26
0.444156 	 21
0.455608 	 25
0.467060 	 22
0.478512 	 17
0.489964 	 17
0.501415 	 16
0.512867 	 9
0.524319 	 6
0.535771 	 9
0.547223 	 6
0.558675 	 5
0.570126 	 5
0.581578 	 5
0.593030 	 1
0.604482 	 1
0.615934 	 1
0.627386 	 3
0.638837 	 0
0.650289 	 0
0.661741 	 0
0.673193 	 1
